21
1.         -4.93634   0.
0.0199987  -4.442706  0.9998
-0.9992    -3.949072  0.0399893
-0.059964  -3.45544   -0.998201
0.996802   -2.9618    -0.0799147
0.0998334  -2.46817   0.995004
-0.992809  -1.97454   0.119712
-0.139543  -1.4809    -0.990216
0.987227   -0.98727   -0.159318
0.17903    -0.49364   0.983844
-0.980067  0.0        0.198669
-0.21823   0.49363    -0.975897
0.971338   0.98727    -0.237703
0.257081   1.4809     0.96639
-0.961055  1.97453    0.276356
-0.29552   2.46817    -0.955336
0.949235   2.9618     -0.314567
0.333487   3.45543    0.942755
-0.935897  3.94907    0.352274
-0.37092   4.4427     -0.928665
0.921061   4.93634    -0.389418
